[ 0.41315088 -0.7904538  20.80538502]
[-0.37828898  0.29502402 19.03078988]
[-3.54253485 -2.64459116 22.97455054]
[ 5.77982237  0.51146704 30.34823398]
[ 4.59833989  5.22345008 21.22811   ]
[-2.02128876  0.58009459 24.6799688 ]
[-5.10461687 -4.68445388 23.73689757]
[ 2.9032555   4.98300532 13.20263027]
[ 3.05401247  1.00050431 24.49925645]
[-7.39950896 -2.69110218 31.16192514]
[11.99424779 16.78337002 25.35102993]
[ 2.63125643  2.62216214 20.11198327]
[-2.42275767 -3.04729018 17.91039258]
[-2.12659052  2.18847207 27.09868437]
[-0.68897564 -0.28536485 18.48620931]
[ 4.92339198  0.31434365 29.04530169]
[ 0.64805424  0.89417535 14.48579867]
[-4.61584317 -5.0637278  21.60955861]
[13.48461783 17.44288992 29.04954284]
[ 0.28703523 -0.90528054 20.65506922]
[-4.35687727  1.66464658 30.10556929]
[-0.28392088 -0.34995465 13.86096482]
[-2.36496304  0.13869809 24.73127969]
[-3.79730379 -2.69871718 23.56159318]
[-0.79041843 -1.07296919 14.94301755]
[-16.18406136  -7.85062994  44.30253224]
[-4.67115164 -5.32488575 21.26257937]
[ -7.17802298 -12.22306813  15.0677425 ]
[-2.14251455  4.22959708 29.39087767]
[ 5.24490981 -0.09938795 30.02849835]
[ -7.57654345 -12.54889554  16.34961786]
[-4.13984669  1.15110898 29.24291501]
[ 2.82305823  2.47764969 21.14393988]
[ -7.87141035 -10.50722689  22.07670144]
[-4.35286576 -5.95072937 18.54434072]
[-1.51424356 -2.69428132 11.58547407]
[-2.55977371  5.44817523 31.07316719]
[ 5.57618046  9.17624182 15.169568  ]
[ 5.15400873  1.38776029 28.29357448]
[ 5.08418415  8.12744207 16.41120911]
[ 1.99561374 -1.66391309 26.19926195]
[ 3.01735317 -6.55646842 32.54458792]
[ 7.66135196  2.95125817 31.40677425]
[-3.5332459  -3.49764233 21.28376367]
[17.9748242  19.29867893 39.37110629]
[-2.24418016 -4.27378326  8.25469492]
[-15.45486239  -8.31774404  42.45224781]
[-2.9132126  -4.47728168 15.37414556]
[ 1.4088617   2.48404484 16.83093247]
[ 5.435931    8.42122298 17.63477295]
[ 9.7300803   1.62902251 36.27119323]
[-10.12397517  -7.35757913  32.0927537 ]
[ 5.41003645 -1.31742914 31.44597168]
[ 9.234764    3.86125987 33.5521614 ]
[-1.3509553   4.50451279 28.61372182]
[-1.1500185  -1.70806175 14.53136104]
[11.84518831 16.14687427 25.82828377]
[ 4.62690359  5.18212351 21.40889988]
[ 0.37508592  1.0599548  17.54682289]
[-3.150305   -5.01087035 17.46209175]
[ 2.51460751  4.21357415 13.09862655]
[-9.47187541  0.15321846 37.12195703]
[14.29194759 16.69282061 32.24364215]
[-6.43855268 -2.41300005 29.62277097]
[-5.60876117 -7.12752968 20.7818415 ]
[-0.49953287  0.11792385 19.0057751 ]
[ 0.89801535 -1.24698064 23.28300985]
[-12.13487291 -15.77408896  27.25808896]
[ 4.99112461  4.83762612 23.16737454]
[11.51874849 15.11960957 26.36340068]
[ 0.28863163  0.69319517 15.50088177]
[17.38698395 13.17196039 43.11161535]
[ 2.43960966  3.96670132 13.84966875]
[-0.77025603  0.73333971 21.85632052]
[-5.89368665 -2.70913886 28.23186153]
[12.15682468  6.9382356  36.70242323]
[ 7.5618256  14.68440342  9.35528091]
[ 1.48996592  2.54528967 12.10789164]
[-13.36181785  -5.31987433  40.33981525]
[-6.64500472 -3.15834467 29.2307426 ]
[-0.99804024  3.57976594 27.03421726]
[-12.6084429  -16.40740938  27.81161744]
[-1.71062379  3.58046541 28.09438518]
[-4.43065865 -7.3529062  14.81489742]
[ 0.47098884  2.91431507 23.28918483]
[-0.18379061 -0.18799298 13.81032912]
[-1.36535455  1.62674747 24.95418017]
[-3.50626328 -4.4567903  18.85067105]
[-5.00621189 -4.87304473 23.14712857]
[ 7.93999964  5.30090345 29.56365815]
[ 1.77665779  3.0379221  12.20931175]
[ 0.37846161  1.95787419 21.22131972]
[-0.90411277 -1.60613411 12.47165516]
[ 6.17901899 10.34997858 14.95351498]
[-17.16806355 -22.63620857  33.68567466]
[-1.48724762 -2.71850644  9.85667762]
[2.46920947 5.12602356 3.52946001]
[ 7.40525624  5.9531777  27.61953417]
[-4.18200791 -2.88223212 24.23981364]
[ 2.97773774  4.78189621 14.43392002]
[ 2.52935941  2.16050744 20.86637435]
[-1.7952544  -1.66280475 19.30632901]
[ 6.23511558  9.85290186 16.7938961 ]
[11.25021543  5.65596378 35.93807333]
[-0.16518548  1.13840199 20.86290871]
[ 7.33321644 10.01541699 21.12160788]
[-0.49026548 -2.29795682 21.78666257]
[ 1.86379503 -5.03604588 29.82543663]
[-3.55188216 -6.80430855  8.24754917]
[12.67083692 11.49467246 33.70503033]
[ 1.53039716 -2.75920234 26.83526093]
[ 9.51591226 11.58181117 25.72100505]
[ 3.4915514   3.40660685 21.34159232]
[12.81159305  0.73663095 42.32735527]
[-12.15390451  -8.1648686   35.65874032]
[10.86691296 17.39534646 20.20040845]
[ 3.61070306  3.09880933 22.33066013]
[ -6.31935362 -11.328457    12.45382641]
[ 0.53134469  0.99485448 13.95555764]
[ 2.19560186  1.61513654 20.99424256]
[-4.01541435 -2.00958843 25.16403855]
[ 5.93274689 -0.85624064 31.87222252]
[11.87886885  0.16101052 41.0325475 ]
[ 0.59438449  1.46262636 18.11430992]
[-3.76979711 -4.63357108 19.50701263]
[-13.53136276  -7.1844259   39.30818592]
[-0.3585708  -0.70878399 13.90157045]
[12.25324545 11.5372835  32.67799316]
[-4.41475679 -5.8448294  19.0987572 ]
[12.96885533 14.34153811 31.40746037]
[ 3.66101633  1.82600499 24.62761736]
[16.87738249 14.98126701 40.45226119]
[-3.50925841 -5.52005324 17.60201148]
[ 1.56736056  0.58967299 21.29585273]
[-2.4785245   0.2776339  25.18008815]
[ 1.30733609 -1.51386776 24.66139232]
[-10.00651163  -2.03845447  36.45202588]
[-3.25715112 -1.26803865 24.54809991]
[-3.25261213 -3.64204822 19.94417478]
[ 0.4871764  -2.02265751 23.77078548]
[ 1.5332713  -3.00600959 27.14946074]
[-1.70806779 -5.02024329 24.89332795]
[-5.56928772 -3.7592722  26.24274784]
[-8.98613153 -2.79156501 34.00672066]
[-7.38956515 -2.39887111 31.42041195]
[-2.11450903 -3.48589589 13.33671119]
[ 2.229744    0.76847878 22.87051379]
[ 1.9815593  -0.86345379 25.03398746]
[-4.63872578 -4.60966812 22.54750062]
[10.1702117  15.9136393  20.30907017]
[ 7.06724685  2.34427238 30.87865107]
[ 2.29839942 -1.26964038 26.22181696]
[-5.48998642 -3.92261537 25.84165742]
[ 2.22357999 -0.86553194 25.521618  ]
[ 5.22597265  7.59662845 18.09839088]
[-3.50025762 -3.9092027  20.23940557]
[-1.88863126 -3.21701742 14.00939255]
[-3.09776475  0.58109433 26.79540219]
[ -7.03729555 -12.17318217  14.31682196]
[12.71583681  4.25168549 39.84747935]
[-2.36378216  0.58287922 25.39149091]
[ 1.78030246 -4.57933955 29.26355361]
[-1.16861023 -2.08589705 10.62980095]
[-2.89461756 -4.73219732 13.93624265]
[-4.87811073 -8.87737382 11.1049937 ]
[16.34407062 11.4120742  42.0934612 ]
[ 8.53967348 10.59244898 24.61181427]
[ 1.34716883  2.32819931 14.98112374]
[ 2.29337634 -3.21962295 28.55097671]
[-2.85983016 -0.14647192 25.35241866]
[-3.72854899 -5.30356144 17.38990872]
[-10.05548198 -14.02495985  23.31771418]
[ 3.57550015  5.64349289 21.21267205]
[-4.96244506 -3.33871118 25.43048403]
[-1.98897063  2.76966789 27.57821079]
[-1.89975377 -2.24828032 17.87086706]
[ 5.75807737 -3.26391694 33.58980724]
[-10.31092232  -8.762845    31.06722393]
[-14.9493287  -16.39893144  34.3147078 ]
[-6.32215695 -2.57988363 29.2212934 ]
[-2.38128996 -2.31573574 19.92776515]
[ 1.73287382  3.96051963 22.43358231]
[-1.87713968 -1.00312192 21.34791421]
[-2.03936347 -0.54197645 22.7896409 ]
[13.1317493  11.11452641 35.12964633]
[ 1.84408264  3.10567745 15.6665657 ]
[ 8.76771123  5.24460574 31.34593424]
[ 5.96539662 -4.17983992 34.57174877]
[-3.85810882  0.69852218 28.28424447]
[ 0.98369946 -0.94952027 22.91905645]
[-3.56108563  1.81623732 28.99968655]
[-2.65681027 -0.93319183 23.66580467]
[-5.80608281 -3.65193478 26.91101839]
[-3.38802477 -2.67939506 22.47718378]
[ 0.09705171  0.22849887 12.61016081]
[ -6.547346   -11.26651003  14.29427051]
[ 3.28682884  4.23408576 18.483625  ]
[-3.29245328  0.67624866 27.26614149]
[ 9.89095416 15.42068663 20.17413995]
[-2.57454207 -3.83686656 15.73384892]
[-12.22818186 -17.71352098  24.69031764]
[-5.26463686  5.30005818 34.41870999]
[ 0.36521712  0.74342697 14.41928759]
[11.77415309 17.87745837 22.81847764]
[ 4.59768029  4.22227527 23.12231114]
[ 7.82898607 12.80292009 16.87448151]
[-0.94029997 -1.66119153 13.47644252]
[ 3.8971275   6.67878697 13.39219613]
[-0.9571754  -0.34079685 19.65044635]
[ 3.70454684 -3.12187698 30.50665029]
[ 4.83280985  3.83005109 24.39011987]
[-5.42531296  1.44801065 31.58477138]
[-5.02168669 -6.30643693 20.40766609]
[ 1.46250117  2.59761961 11.72150077]
[ 2.32041625  0.16889778 24.14600703]
[-11.07479701 -12.27276141  28.87174808]
[11.49696966 13.20218006 28.84031464]
[ 2.9262762  -2.60126159 28.83851948]
[ 0.85671678  0.15568642 19.79204875]
[-2.41263188 -1.68985508 21.53809206]
[ 5.04327696 -3.50046262 32.74910733]
[-7.49119717 -4.65681424 29.32130039]
[ -7.68572646 -13.44782387  14.288485  ]
[-12.06186923 -16.87861617  25.42566559]
[-6.88872211  1.5290166  33.94728024]
[ 4.941338    2.36850495 26.69180209]
[-0.11047671 -0.69918334 17.68550683]
[-0.43794794 -0.80317922 11.10371909]
[-3.69590551 -2.61887927 23.43099444]
[-5.14432576 -7.81030925 17.07907176]
[ 2.40092671  4.66667194 22.43892195]
[-1.39871079 -1.10240315 19.24000375]
[ 6.35972187  3.34997723 28.4447457 ]
[-8.54003696 -2.0000393  33.86531396]
[-1.03873338 -1.9196895   9.67195297]
[-0.17392832 -0.10442192 14.72064563]
[-2.95730452 -3.86001634 18.01174756]
[10.37737082 -1.54096962 39.54970819]
[ 4.53142826  0.91282141 27.659083  ]
[13.57210292 21.46339451 23.47175338]
[ 9.19220416 -1.42682615 37.54055494]
[13.46737983 15.07073911 31.87293976]
[-10.41903768 -11.65565283  27.90884573]
[ -7.96808627 -12.48436036  18.32265216]
[ 3.83036349  3.66670936 21.89067366]
[15.27765314 21.24190831 29.59795377]
[10.49610618 13.80273376 25.11072277]
[ 9.66312639 12.28566323 25.06929058]
[ 2.13916343  2.0254222  19.73682082]
[ -7.32556356 -12.27402312  15.68123644]
[13.64823874 16.58199606 30.59821689]
[-0.34139766 -1.08635786 18.00865936]
[-4.97541557 -9.74480837  7.60120469]
[-2.56413541 -2.73009409 19.55443693]
[-4.88521226 -7.02235203 18.0642228 ]
[-3.59281239  5.59714526 32.48324034]
[-7.46959559 -3.43065833 30.56714382]
[ 1.86216489  1.55847305 19.89827147]
[ 2.71086178  1.51070615 22.77685419]
[-12.07855856 -18.71838904  22.49573024]
[-10.86979495 -10.80031634  30.11051273]
[-12.5486817   -7.81320884  36.78618759]
[-0.22115628 -2.91211011 23.86014574]
[ 0.23587011 -3.55688319 25.79399639]
[ 5.91493411  9.3217301  17.176754  ]
[ 0.76048044 -0.34724958 20.86518602]
[ 1.5854404   2.85947696 10.87866877]
[-5.58256631 -2.59879394 27.73189752]
[10.1244843   4.75994519 34.48777755]
[-10.39903834  -7.54827804  32.48428085]
[-8.57086969  1.61338924 36.66838534]
[ -7.55401541 -12.69998275  15.78781709]
[ 0.6827224   1.36769135 16.32874869]
[-4.97895771 -1.84999857 27.41143275]
[ 0.33103668 -2.63627475 24.52026449]
[ 2.90788887  6.12372829 25.01453908]
[ 1.75650323 -5.78333927 30.40153531]
[ 0.89898151  0.46902181 18.94182208]
[ 1.89066122  3.33469077 11.96871457]
[-15.43095051  -8.15238322  42.51976495]
[-11.94618542 -12.58102936  30.76247815]
[-2.52751296 -4.05122529 14.23137719]
[ 5.09562746  3.54088084 25.45674335]
[ 3.90901094  4.75829751 19.75873488]
[ 2.87731215  1.7301024  22.82258124]
[ 1.14638858  3.47212898 22.83277009]
[ 3.82916823  6.33073011 14.88614772]
[ -7.76160173 -13.66784833  14.09701339]
[ 0.59004993 -0.98069435 21.88632481]
[ 5.07061968  8.34473734 15.32096992]
[ 0.49724507 -1.56910246 22.91521644]
[-2.13797133  1.624442   26.40011332]
[14.45975475  7.27255916 41.14139277]
[ 4.8277012   8.09849538 14.14308166]
[ 2.17806829  0.76626193 22.73585098]
[-10.22075034  -5.93279142  33.64415472]
[-17.16885707 -11.38342401  43.95285405]
[ 2.14950613  2.39338507 18.68805064]
[ 1.61665243  2.85715018 17.84180767]
[-2.39528264 -4.34769897 10.5851689 ]
[ 7.24123329  1.66439169 31.83670761]
[ 2.47363576  4.17884231 12.84886095]
[-0.78242348 -1.54968112 16.69867346]
[ 0.39190235  0.83697223 15.27046468]
[-6.86476282 -0.72189859 32.02784229]
[17.16699603 15.22549111 40.94310907]
[ 6.3413814  -1.96839632 33.4453482 ]
[ 1.47815487  1.57006796 18.01544478]
[-3.74732718  1.18928446 28.63494887]
[-4.55089566 -2.014017   26.32662567]
[ 1.16430588  0.26583237 20.70471695]
[-0.12448668  0.31948073 17.46493242]
[ 1.21473513  2.30838206 17.95738379]
[-4.96446375  0.07673746 29.5232648 ]
[-12.52620382  -8.30864396  36.31663424]
[ 5.82387899 -6.75324713 36.13912395]
[ 5.97819718  3.73641858 27.18153784]
[-13.37685657 -18.76075379  26.92345512]
[ -9.41568668 -14.10747588  20.85378451]
[ 4.8114999  -3.43232513 32.36353216]
[ 2.40147429 -2.72444265 28.16874616]
[ -7.36503952 -11.37370215  18.26158732]
[-0.19182596  1.74815578 22.48100049]
[ 7.83021325  3.4337826  31.26059507]
[ 3.12415504  4.93112507 14.92415169]
[-2.40929192 -3.96185499 17.88208024]
[ 7.07536294 -3.87821631 35.94896624]
[ 3.24253326  5.11933421 18.10919302]
[-6.65168007 -4.76456215 27.38456268]
[ 9.54023639  3.19374664 34.69607479]
[-2.3644082  -2.28287684 19.94750119]
[-10.54308705 -11.26323769  28.80807982]
[-12.54483851  -2.85592935  40.48466249]
[12.51832659 18.21605625 24.9038356 ]
[ 2.80288147  2.32180112 21.42043641]
[-5.05953723 -3.73230884 25.09246245]
[ 9.05940972  4.36827978 32.76359353]
[-1.43672687 -3.63644711 22.43449097]
[ 0.29060798  2.1839965  22.11364362]
[ 4.39003158 -0.79578209 29.29146906]
[-6.44791148 -4.35186749 27.44024955]
[11.86535969  8.80375536 34.46981884]
[-12.20150184 -16.93760526  25.79095353]
[ 5.32863684  7.86268175 17.85693433]
[-0.62892487  0.68291555 21.28020467]
[-7.67724183 -2.13257497 32.19464182]
[-3.8345508  -5.43208333 17.54054668]
[-1.88399439 -1.2670881  20.7426782 ]
[10.2496427   7.96903516 31.73857843]
[-6.46164212 -4.9311193  26.73950492]
[13.53782597 11.25498005 35.9263293 ]
[10.86541644 11.90975918 28.84238175]
[-7.22468658  3.72901518 36.06366201]
[-3.10078825 -5.75644374  9.59919384]
[ 3.03739905 -1.40862827 27.69321935]
[-5.14133698 -0.35221519 29.38953539]
[ 3.80519473  5.65707033 16.63019366]
[ 3.28522665 -1.34482392 28.03777343]
[ 9.1118614  -0.10669942 36.48720628]
[ 4.0138758   6.28322307 17.36233916]
[-1.58393683 -3.19368234 20.34136016]
[-3.02066311 -2.77943186 21.13420158]
[-13.49365468 -18.2993357   27.93609346]
[ 4.79861922  8.57794176 11.91153118]
[ 8.84831755 12.28467382 22.21011217]
[ 8.56990225 -2.46305778 37.24742429]
[ -7.46227773 -11.59347384  18.1686539 ]
[-6.13527422 -4.32103843 26.78682461]
[ 4.54183643  7.44893261 14.68862972]
[-13.84670282  -3.81972067  42.29781584]
[ 7.35889178 12.82567906 14.26641134]
[-14.83392532  -5.85426783  42.88357299]
[-3.73562773 -6.14322901 15.10865363]
[0.38726643 0.7993869  3.67585557]
[ 3.86896273  6.44074127 13.90312671]
[ 2.46995977  3.29590757 17.28480033]
[ 5.56308161  5.58690951 23.51484013]
[-2.63309622 -2.38194861 20.70660204]
[-0.88594432  0.76289192 22.26375881]
[ 4.31008529  0.45458679 27.78054782]
[-2.96581045  0.69081301 26.69126322]
[ 4.9365237   4.46377103 23.64648363]
[ 2.91322872 -0.44875912 26.28089413]
[-0.45612851  0.3693122  19.68742756]
[ 4.92404582  7.13643537 21.11754243]
[11.10443465 16.26444798 23.15959589]
[11.26142748  3.6934361  37.50429958]
[-3.44650527 -6.01444305 12.52340672]
[-3.40689826  0.87098494 27.69909018]
[11.25479099  9.6178064  32.32796434]
[-16.2510731   -9.6987212   43.15777621]
[ 3.27840217 -1.5172501  28.22023589]
[-10.47162463  -2.17978554  37.17970745]
[-0.87249419 -0.58290312 18.36099349]
[ 0.16816054  0.19592492 13.2396408 ]
[-3.38742603 -5.35707356 17.40164348]
[-0.91934491  0.30524161 21.30610946]
[-4.43568544 -6.77551543 18.35481194]
[-1.73390893 -3.24361398  9.06546705]
[ 1.40280927e-02 -9.21918566e-03  1.15677385e+01]
[12.99008917 17.90045934 26.91415017]
[ 0.09670652 -0.08896015 15.48683601]
[12.33562445 17.93285837 24.72540812]
[-3.36352727  1.14471405 27.94068283]
[-1.58612212  2.62131616 26.74845134]
[ 3.29436298  2.03010596 23.39578336]
[ 7.20073562  9.53451952 21.58953226]
[ 9.60426626 13.92379842 22.03213109]
[11.05145031  1.84157144 38.46254073]
[-14.35207528  -2.90518124  43.83899614]
[ 3.39984856  5.324121   15.26420703]
[-2.46692136 -4.11280237 19.12875817]
[ 5.20905881  6.55395986 20.55781405]
[ 4.88895794  5.75558827 21.1166062 ]
[-6.79790812 -4.3934962  28.14909489]
[-1.90480851  3.26648373 28.02497026]
[ 4.55658951  7.15204631 15.89311791]
[-0.45362761 -1.35110576 18.58878523]
[ 0.80762685 -1.81172539 24.10231283]
[-0.17294617 -4.0497984  25.84946085]
[-3.01880011 -3.12513126 20.32651397]
[-2.67448784 -4.34563583 16.63375769]
[-5.69999699 -3.0676828  27.40832156]
[ 4.67183843  5.68753514 20.49169143]
[ 9.25410486 -2.13248971 38.10813783]
[-0.8249931  -1.52586155 15.49781283]
[-5.20892633  4.63020734 33.85379703]
[ 1.54384408 -1.24728574 24.72645797]
[-2.48466824 -2.59929909 19.58214122]
[ 2.4919702   4.07494724 17.76615229]
[-2.54348817 -3.34516809 17.5287343 ]
[-1.82873384 -3.91208956  1.49010172]
[-8.32447278e+00 -1.23488099e-02  3.50815780e+01]
[ 1.88925193  3.1805239  15.24876895]
[-2.60493982  1.12510491 26.58900636]
[ 1.0890314   2.57617741 20.31938942]
[-1.4543491  -2.52535978 13.17841829]
[ 8.93024154  5.0521677  31.86437256]
[-1.03366846 -1.81804485 14.20204975]
[ 4.76650267  7.23503577 18.47745425]
[15.95698498 19.98867334 33.14981502]
[ 4.54135252  7.37729757 14.96463607]
[-0.48047546  0.69370946 20.78209921]
[ 2.98947443 -1.00591205 27.12913967]
[-1.51491697  5.60541045 29.94275879]
[ 0.71333608  4.90496632 26.27169214]
[-3.11983368 -3.92165979 18.61889561]
[-2.37725554 -4.58595219 22.25423703]
[-1.16906572 -2.39969802  4.01398083]
[-0.71010832 -1.28719553 13.97930007]
[ 3.5671332  -1.75006405 28.94155112]
[-1.29681673 -1.47937889 17.24191397]
[17.51773821 15.80741389 41.30374499]
[-0.18821486  3.51320561 25.64698865]
[ 3.03790577  5.89198094 24.23840052]
[ 8.32860562  4.90378634 30.7858753 ]
[-3.25872844 -5.49190144 22.2899886 ]
[-8.84687015 -3.58533949 33.05811886]
[-3.45975582 -3.8108628  20.32185248]
[ 8.86556287 13.65503747 19.57630952]
[ 8.80801013 12.16111674 22.2934506 ]
[10.10943305 11.60638926 27.13512116]
[-4.00580203 -6.76704523 13.50936482]
[-11.76931189 -22.13278602  14.24435392]
[-5.36922474  3.1503943  32.93462166]
[ 3.98881206  2.04376332 25.05576752]
[-14.67294841  -7.44413748  41.45382526]
[ 0.36787981  0.76939552 14.81583525]
[ 3.88278534  6.32923731 14.51568156]
[ -8.04648369 -13.10846834  17.16236573]
[ 0.13386385 -0.75782983 19.50227576]
[14.49460928 19.1292513  29.89850603]
[ 4.44290138  0.42307878 28.06156111]
[ 6.03536831 11.92006725  7.61684015]
[12.65535672 12.90079899 32.1924485 ]
[ 3.49208985  5.72102671 14.17913068]
[-0.2868279   1.64808081 22.52137855]
[13.95864344 20.98419163 25.6135012 ]
[ 1.83389244  1.99415706 18.42484037]
[-16.60972487 -14.80337171  39.9598898 ]
[ 4.2078228   0.41224272 27.64031843]
[-12.54366232  -4.80698742  39.11764267]
[ 6.19991902 10.08998662 16.18598306]
[-0.9492598  -0.14907599 20.19860405]
[ 5.63994741  0.46486219 30.14944162]
[-3.4938599  -0.87977349 25.63711415]
[-0.20164368  3.88464129 26.20660301]
[-4.64057172 -5.87459041 19.94493532]
[-0.46145407 -1.28061407 18.14887758]
[ 2.86002191 -1.08175832 26.992981  ]
[-1.14833285  0.30530937 22.02437362]
[ 4.3291089  -1.57056286 29.97171174]
[1.59720683 3.33680451 3.00280031]
[-1.84134991 -0.77335512 21.74895385]
[ 2.18688102 -1.76006463 26.66420823]
[ 2.6691501   3.47104349 17.78833599]
[ 3.63112663  3.56812972 21.45808748]
[11.20803992  2.58995018 38.21501671]
[ 4.19687295  7.09519952 13.57874388]
[ 0.21567986  0.43371228 12.72309731]
[-10.70860618  -9.86142249  30.80983822]
[ 4.62134113 -3.49678015 32.14673797]
[ 1.34272453  1.00135333 19.30643036]
[ 1.23403916  2.40499414 18.48616019]
[-4.13123603 -0.08298809 27.8808505 ]
[-1.58908578  4.13355633 28.53511856]
[ 5.46486192 -1.93919002 32.07566276]
[-3.27608405  2.11663768 28.86552953]
[ 5.68362184 -0.9997469  31.59854637]
[-5.3009262  -1.2954849  28.67016322]
[-2.56009159 -4.17843252 18.1415287 ]
[10.80606858  6.37862247 34.4343644 ]
[ -9.93850309 -10.61621226  28.08201674]
[-1.73282362 -3.59843986  3.37680941]
[-0.0207335  -0.09667726 12.59063613]
[-4.23971334 -5.92031005 18.09969109]
[-2.35831361 -3.08265909 17.41896484]
[ 3.62724669  1.17988991 25.5006674 ]
[ 6.35187247 -0.53236527 32.27102059]
[-0.84039476  2.0965073  24.6473006 ]
[-2.68243498 -3.21690547 18.67317372]
[-2.3463422  -0.54239102 23.57556717]
[ 0.13714886 -0.08367845 16.00139151]
[-0.74421994 -1.33200788 13.02607818]
[14.49055501 11.28275555 38.0557901 ]
[ 9.90976481 17.48473185 15.60774637]
[ 0.233123    0.21902188 14.50277637]
[-7.74108107 -0.23743199 33.92782196]
[-0.13266578  3.71991739 25.85959982]
[-2.36318827 -3.94330458 14.89821393]
[ 3.93499519  3.84529674 21.86264825]
[ 1.3681079   0.17151097 21.62598503]
[ 0.65851669  1.29500205 15.88639361]
[ 4.53130899  2.39384186 25.77527446]
[-0.58348125 -2.41276708 21.79192044]
[ 4.4693049   2.04499139 26.11401188]
[-0.67887366  2.65427961 25.21727477]
[ 3.12295936  4.45465949 16.88752699]
[ 4.26214282  2.59079649 24.88118879]
[ 2.1708504  -2.21647868 27.20816998]
[ 6.99272406  3.82865657 29.19844203]
[-0.29447233 -0.3498511  14.10072575]
[10.98612515 11.0270044  30.18320428]
[ 8.34203278  0.53716621 34.70660937]
[15.63350515  8.95801359 42.37112186]
[-11.96394527  -6.7550437   36.45950164]
[ 2.96352262  0.21697628 25.46862476]
[ -9.59803846 -14.65365966  20.48868354]
[ 8.62513059  3.23757581 32.95209478]
[ 3.78343795  6.36298801 13.55152728]
[ 2.060196    1.49421748 20.81255393]
[ 6.9654401  11.0914161  17.08416384]
[-1.65413537 -3.38947476 20.81520343]
[ 6.31151656 10.53320811 15.33529368]
[ 0.95706311 -2.01919209 24.75892496]
[-1.0869505  -3.50405355 23.06671292]
[ 3.15459806  2.41805253 22.30212974]
[ 2.30307747  1.93164167 20.61256677]
[ -8.05461226 -12.4462397   18.98184018]
[ 9.12322988 15.58458166 16.30649381]
[ 3.47458688  1.97260673 23.94848617]
[0.52620507 1.08006518 4.01011809]
[-6.22429321 -9.87447645 16.67224141]
[-0.8687919   3.69052239 26.97794297]
[-1.46167314  0.50164126 23.26630983]
[-9.4986148   2.84080524 38.94596241]
[ 5.94768235  8.04016396 20.07741933]
[ 2.97209429  4.75038607 18.6740063 ]
[ 0.10613841 -0.65527725 18.95534692]
[ 0.45367956  1.21472972 17.81515522]
[-5.26084587 -9.76326594 10.39990324]
[-3.77697712 -5.99742531 15.14325709]
[-11.27943141  -1.72946329  38.94612736]
[-2.92332306  3.38372451 29.63302482]
[-5.0585968   6.50545897 34.9949069 ]
[ 0.60517423 -4.5550049  27.66497493]
[-2.82693799 -0.11855078 25.32437771]
[16.95914579 12.28492401 42.81125185]
[-17.12451384 -17.36859742  38.95334279]
[10.3353043  14.14299792 24.0593295 ]
[-1.69745435 -3.66492807 21.64389442]
[ 3.59788923  1.6175066  24.79811144]
[-1.84641095 -2.1497388  17.93348703]
[ -8.32419102 -11.57571084  21.66773036]
[-4.87252542 -0.51234071 28.74087963]
[ 3.87497001  1.31291905 25.84228039]
[ 1.36968259  1.39533959 18.0608115 ]
[-12.38723592 -12.20328347  32.27962769]
[ 3.6839583   2.14980343 24.17723556]
[-0.93626059 -3.46669367 23.35489726]
[10.53454932 14.71540624 23.78597542]
[16.61078128 16.58676676 38.37610333]
[ 9.78612293 -0.60046003 37.95731394]
[ 0.1857116   0.4846788  14.89873791]
[ 3.34044219  5.45628924 21.67212567]
[-5.99575244 -8.79997468 18.47312347]
[-4.52381346 -3.51675766 24.09423675]
[-1.71290147 -1.92071869 18.02814722]
[-4.65999596 -7.42376209 15.56636625]
[-7.68626336  3.54206892 36.61988256]
[-4.09146634  1.92305455 29.94153133]
[-4.81656116 -5.91555648 20.51485405]
[ 8.14552559  3.43841292 31.86410117]
[-2.1165669  -2.74843171 17.24235891]
[ 5.40959837  9.43513327 13.19413982]
[11.69021391 16.92062663 24.11554963]
[-5.28876455 -2.74182767 26.94872834]
[ 0.59900593  3.10497234 23.38323736]
[ 0.85779011 -5.51622658 29.06136827]
[ 4.65278523 -1.38150238 30.30291945]
[-1.69810383 -0.85262979 21.10585089]
[-3.61970835  0.7889448  27.97404328]
[-0.65306598 -1.06447308 12.45057476]
[ 2.43807471  2.36587226 20.02280376]
[ 2.51295992  1.65095908 21.93312885]
[-1.05690022e-02 -3.60154701e-01  1.64082031e+01]
[-13.1658811   -4.46711613  40.55780155]
[ 9.01654864  1.63653249 35.00784734]
[-4.33194185 -7.175139   14.87106751]
[ 4.10786508 -2.59502128 30.60870114]
[ 8.16353995 -2.1233984  36.38119778]
[-4.33670477  4.18438856 32.3172979 ]
[ 2.13929275  1.70337283 20.58208231]
[-2.99731663  1.8250214  28.10207619]
[ 3.93949142 -0.41655888 28.11124372]
[ 4.47157362  3.37078569 24.19496267]
[ 0.65688189  1.2561153  15.33741732]
[-3.93598194  4.44307414 31.9886259 ]
[-16.3928467  -14.14447393  40.00516045]
[ 2.09997287 -2.05221287 26.88615607]
[ 1.05402771  1.07339052 17.41699249]
[ 8.51381907  5.11945773 30.95170614]
[-0.9905531  -1.17215036 16.4141669 ]
[ 1.56611209 -1.09020115 24.52329983]
[-6.68450895 -3.51727187 28.9165526 ]
[ 4.24727018  2.63891373 24.77308889]
[-0.783866    2.61564306 25.35197873]
[ 1.20015187  0.94278674 18.80775698]
[1.52824229 3.09740907 4.81786467]
[1.23011146e-02 1.40135505e+00 2.09567014e+01]
[ 1.97269379  1.14981986 21.32660186]
[ 2.51794689  1.0591511  23.09358377]
[-3.17273587 -5.2396541  13.7982376 ]
[ 2.60930044 -1.57247928 27.1594154 ]
[ 4.30042324  2.30367325 25.38688372]
[-3.68395682 -5.57654732 16.17840395]
[ 3.79387173  1.62223226 25.23213961]
[ 4.16686562 -1.83375904 29.97351708]
[-0.68748368  0.45088951 20.87645183]
[ 4.13883172  7.2732056  12.20592795]
[-2.26359623 -0.63666362 23.20032457]
[ 0.5485155  -0.85866334 21.45929477]
[-8.78008051 -2.61257897 33.78307747]
[ 3.60653308  5.32939528 16.61241962]
[-4.31858379 -7.52547288 12.5884848 ]
[ 2.710506   -5.43366254 31.24890703]
[ 3.33048284  5.27259355 17.44657154]
[-1.32687998 -0.06207902 21.74367812]
[ 1.46046883  2.54630619 12.8849397 ]
[ 3.20362057  5.00024782 15.22426474]
[-2.86637036 -4.59827576 17.92936704]
[11.44186566 14.10656233 27.56208657]
[-1.20707756 -2.27875813 17.80459914]
[-12.06520387 -16.50802447  25.99162169]
[-3.4522646 -1.85074   24.0901014]
[-9.28932968  0.44668878 37.02345366]
[ 1.44122748  2.02967307 15.56601892]
[ 1.98842928  3.38442308 17.97854326]
[-3.47636276 -5.38107417 15.5678332 ]
[-2.10743447  0.08978749 24.08166272]
[ 1.55659494  2.6373052  12.36250376]
[ 1.81397418  0.98266868 21.1897848 ]
[ 2.24658116 -0.79609616 25.46741815]
[-3.09443505 -5.0888458  21.03294842]
[ 9.6255324  15.48236512 18.91752071]
[ 1.44571423  0.47481196 21.16487419]
[-14.06610187 -18.52339954  29.38879841]
[-4.2480566  -5.95412627 18.04219886]
[-1.23917199  0.93306924 23.51906498]
[13.85848364 15.65434563 32.25112123]
[12.70235466  3.03076851 40.66139733]
[ -7.62769093 -10.93679495  20.34655266]
[-16.81903322 -18.70241879  36.88629449]
[ 2.84218569  2.17835088 21.84649113]
[ 8.25399189  5.58480161 29.92363131]
[ -7.67519069 -11.40180363  19.53714772]
[ 0.64533384  2.6583114  22.23688074]
[ 6.68105393  8.65962217 21.47388211]
[ 1.07992378  0.40163898 19.99653364]
[-3.61742005 -5.68432439 21.17545706]
[-2.68101597 -0.74037696 24.04614427]
[11.1930156  16.39247646 23.28751267]
[ 4.09227197  0.07192454 27.82466088]
[-13.93804714 -18.82983164  28.59455675]
[-10.5761725   -6.25616492  34.06799481]
[17.39360148 21.86768219 35.19988353]
[-3.97910316 -4.94861399 19.56363777]
[ 0.19136669  2.66810156 23.44857969]
[-4.08769704  1.09633719 29.10014428]
[ 3.13674521  5.05578055 14.4268176 ]
[ -7.75974927 -10.80395055  21.67635619]
[ 0.71085748  2.76263651 22.3056063 ]
[ 6.07373187  3.22575686 27.99832644]
[-0.39349475 -1.23550564 18.42319635]
[-4.84962467 -9.24354487  8.95060749]
[ 3.2782142   2.64589129 22.22262278]
[-6.43574037 -9.77534993 17.99151787]
[17.70368909 16.87462722 40.85185443]
[-4.47123516 -6.83204989 18.31277741]
[ 4.49658939  8.03947465 11.68489463]
[ 6.06040879  1.54078307 29.81793513]
[ 2.5161448   4.32928853 12.31113997]
[-2.00405649 -2.65373004 16.90492909]
[-10.07072788  -5.71119376  33.54208601]
[ -6.26612225 -10.23453057  16.08770504]
[ 3.43655439  4.16899461 19.33440541]
[-1.86281533  2.18256021 26.64782459]
[16.00773322  6.9855274  44.51495826]
[-0.35386513 -0.9884805  17.27793255]
[ 1.82192938  0.82911363 21.56747142]
[ 3.01083587  5.90693764 24.33187575]
[-1.60189126 -2.76434117 13.43191078]
[16.3624288  18.93028538 35.42977127]
[-0.60320183  3.29426724 26.02661861]
[-2.01663539  2.20704434 26.93856255]
[ 5.00342499  0.7261858  28.74613641]
[ 0.41057305  0.97239655 16.47152443]
[-0.09984478  0.69125001 19.06227396]
[ 5.7902712   4.56944215 25.65256038]
[ 3.58094364  5.89324012 14.09688202]
[ 0.37340251 -0.70022438 20.38768896]
[-3.49095587 -3.54548403 21.03826322]
[-5.2680263  -5.72255715 22.41010544]
[-4.73341399  1.84891374 30.86725981]
[-8.27161924 -2.85220698 32.6361517 ]
[ 3.98035235 -0.40896576 28.17389298]
[-1.01545927 -1.84260789 10.6842415 ]
[13.76648805  8.45723203 38.80976434]
[-4.92986283  0.12878998 29.51777635]
[-10.07786676  -7.06925983  32.27812272]
[14.87244468  6.7752917  42.33504923]
[-0.12389374 -0.24392214 10.96680263]
[-10.06622888 -15.34197595  20.97926252]
[ 4.02482247 -1.15202951 29.0564441 ]
[ 3.25673246  4.98929291 15.65954914]
[ 7.57919863 11.44749701 19.03339619]
[ 3.50585029  4.68060884 18.20190245]
[-1.66315793 -2.69297703 13.50180914]
[ 5.07188696  2.5259297  26.76598883]
[ 5.72550568 -1.06431058 31.72265419]
[15.26884824 12.14679888 39.08419369]
[-3.56436413 -6.24210381 12.39641006]
[-3.68203298 -5.11461023 17.74811055]
[12.6941623  22.43817667 18.10813476]
[ 3.10640785  3.88075236 18.67953878]
[-5.17658643 -7.90226426 16.97185327]
[-14.84344222 -16.83858043  33.56680102]
[ 3.47389991  5.53453994 16.78097568]
[ 5.76619584  2.50718725 28.2103373 ]
[-4.74623674 -1.95544133 26.80804735]
[ 2.34516317  2.47525836 19.33951749]
[ 7.81593388  4.85387438 29.78163071]
[-3.91347357  3.63341961 31.26487709]
[ 2.21608902 -2.06392783 27.09636225]
[-5.44034654 -6.85373881 20.75296501]
[ -7.49137736 -12.12604218  16.95671993]
[ 1.27151016  0.86840306 19.40228543]
[ 2.3842935   4.00848424 14.39915431]
[ 3.22404405 -1.02394602 27.56220022]
[-7.39365911 -2.8843102  30.96327547]
[ 0.25130711  0.47169995 10.91387469]
[-1.72188377 -2.74842784 13.84215184]
[-2.71891951 -4.191616   15.18883643]
[-0.87716504  3.2536319  26.42000402]
[-2.21310912 -5.15756346 24.22249115]
[ 0.98490254  4.0192133  24.36368113]
[-1.83449506 -1.91368534 18.69654877]
[ 2.68160097  0.27922753 24.77918698]
[ 5.21295176  9.00174263 13.34583364]
[-5.75475379 -7.20509019 21.1397655 ]
[-0.07141303  0.95474518 19.89806445]
[-3.33852468  3.32996876 30.17461025]
[ 2.6690308   4.42289394 15.06347879]
[ 4.98843278  7.9164463  15.87002746]
[ 0.75883554 -2.16481348 24.59639154]
[ -9.90562076 -14.43685645  22.06869989]
[ 1.51447686 -0.91264789 24.11904267]
[-11.82959531 -18.71345455  21.55182312]
[ 2.67849892  3.71945697 16.94144718]
[ 3.52193704  5.9480836  13.30355104]
[-0.55112235 -1.00199729 11.4225877 ]
[-0.56890988  2.67341784 25.04134614]
[ 3.92827695 -1.26728929 29.01838098]
[10.74354734  0.31600779 38.96398608]
[ 8.06155732  4.45492584 30.7061017 ]
[ 4.59548662  5.95292577 19.58132679]
[ 6.11371559  2.79574073 28.57548498]
[-3.28644714 -3.21853613 21.06097022]
[ 2.65304822  4.29967036 17.49289444]
[ 4.1302346   2.43863839 24.79850308]
[ 2.73561945  4.59707925 20.46540398]
[11.75493794  8.06233749 34.90692316]
[-17.28518423 -15.41598889  41.0668784 ]
[ -8.96397746 -14.05678238  19.20562851]
[ 1.26702489 -0.40863438 22.58221212]
[12.73143038 16.28292184 28.34581646]
[11.98669638  3.76710405 38.81160011]
[ 5.01203326  2.98346807 26.03673071]
[ 4.61883237  0.72176292 28.0451434 ]
[ 4.97807677  2.31108374 26.84177063]
[ 1.88607846  4.34753934 23.04804648]
[ 1.4185767   4.21817663 23.86483591]
[-12.3639371  -17.25029049  25.85067551]
[-3.1251808  -0.42928317 25.50028316]
[-3.90880421 -2.93729404 23.44958036]
[-0.57612257 -4.0761016  25.2180013 ]
[-1.54008953 -4.0407088  23.1831545 ]
[10.24294758 18.94992726 13.72335085]
[-14.5796484  -11.57276297  38.00774062]
[ 0.75702703  0.67546905 17.17458706]
[-13.46747115  -6.62701613  39.59836095]
[-1.38956778 -0.52922088 20.83282254]
[ 0.98294424  5.11255249 26.18519282]
[-4.43515005 -6.38639107 17.69474149]
[-4.61706911 -7.43287924 15.25664999]
[ 8.51900757  4.5260188  31.55115477]
[ 0.2571805   0.29645846 14.00687415]
[-1.68721043 -1.43908014 19.50139516]
[-0.47063284  2.02347806 23.73256083]
[-0.85060594 -1.59148508  9.04772477]
[ 1.19389855 -1.61155556 24.58452437]
[ 4.59360583  6.44010702 18.30983001]
[ 8.69117864  3.74317121 32.6242528 ]
[14.04251975  5.40518315 41.61868609]
[-2.42322519 -2.95468552 18.22702088]
[-8.14912105 -3.72930278 31.59305416]
[-6.84155054 -3.19925992 29.57288377]
[-1.88085631 -1.9430404  18.82781915]
[ 5.48484384  6.84322882 20.93644523]
[-9.54065164 -5.15648802 32.98685823]
[-0.11368208  0.52972923 18.45328685]
[ -5.11280147 -10.56758352   4.56616767]
[-3.85843053  0.66696961 28.24961561]
[ 4.66657034  7.12751881 18.23497606]
[-2.32635618 -4.9946316  23.58982931]
[-12.45284293 -11.96632682  32.70691002]
[ 3.77799077  1.5862151  25.24896973]
[-12.14394968  -7.56657636  36.1486629 ]
[ 1.81483367 -1.82762376 26.0953673 ]
[ 4.16109305  1.61763575 26.03253698]
[ 5.14485479 -1.69401242 31.36676937]
[-6.81424322 -4.14625951 28.47460413]
[-14.06698537 -17.49548709  30.67863955]
[ 1.07342339  0.70997363 18.97860779]
[ 8.29156407 13.95794858 16.20607457]
[-7.10514683 -2.70103696 30.59700326]
[-5.83948563 -7.95383425 19.84576538]
[-4.19286754 -6.73574005 15.07507766]
[-3.15980015 -5.11653915 16.06094971]
[-10.31049826 -14.64619426  23.13575279]
[-2.47247177 -2.45186257 19.9297123 ]
[ 5.24058068  0.64048025 29.26545444]
[ 2.81664108  4.58196759 16.1708411 ]
[-13.46061816  -7.41540384  38.98649442]
[-5.25895628 -0.0830758  29.86894378]
[-2.09020091 -3.38616109 13.74349234]
[-3.39035977  3.61991469 30.51997719]
[-7.58732212 -4.93531158 29.21612843]
[ 2.49303894 -2.14019768 27.64465545]
[-2.19343203 -3.70244602 18.5197665 ]
[-7.75452597e+00 -1.98160593e-02  3.41250425e+01]
[ 1.49122757  6.18005587 27.04159163]
[1.4796455  2.75145454 9.16441164]
[ 5.1137749   0.70124742 28.97309248]
[ 1.98069136  4.5883561  23.41490242]
[-10.88697841  -4.64174716  36.05496589]
[-5.45787878 -7.08480716 20.31825102]
[ 1.48709909  0.58317347 21.04143995]
[-7.27492073 -2.24996323 31.35213693]
[-4.1987102  -5.67426827 18.6014012 ]
[-4.12420228 -3.32654207 23.36087875]
[-2.14365825 -0.65379326 22.85565832]
[-3.45296153 -1.55272    24.56112527]
[-1.43023803 -2.81890311 19.43960735]
[-2.81836765 -3.61435718 18.0937223 ]
[-1.27105859 -0.27928958 21.04664656]
[-3.66396202 -6.08842803 13.85440812]
[-0.30336475 -0.63527227 14.27639425]
[ 7.60926226  1.2167992  32.88568803]
[-1.19063396 -2.02890375 12.00614303]
[-1.56868198  1.04224202 24.44905396]
[ 4.88606231  3.48578893 25.03848132]
[-1.79132172 -1.22635246 20.50837295]
[11.32269993  4.0678413  37.33774397]
[ 7.10421786  3.72645947 29.53492047]
[ 3.42207576 -5.44186541 32.14515747]
[-1.64086825  1.43554083 25.20838971]
[-2.61885808 -4.09423942 14.83679477]
[-2.28249098  0.40163242 24.95727491]
[-7.77784094 -1.56490536 32.88040323]
[ 3.00635798  4.54319733 15.77526966]
[-1.6922517  -1.1746822  20.26954256]
[ 5.20716823  1.32268362 28.46586123]
[ 1.94167095  3.26425741 12.75260446]
[ 3.02130216  4.83882345 19.34525897]
[-5.66484942 -1.56960436 29.05274327]
[ 8.15053486 11.33036171 21.51321606]
[-2.19168869 -4.2218949  21.66176239]
[ 3.07489963  4.49488718 16.43697545]
[ 8.6365027  10.67644369 24.25250391]
[-6.31898404 -8.39881337 20.70389054]
[-1.27334811 -0.40787288 20.72729909]
[-0.35994947 -0.24832093 16.08536618]
[ 9.71658834 13.38502539 23.41075049]
[ 7.76343219 12.63538182 17.09309015]
[ 0.83845859  1.53009636 15.1252679 ]
[ 0.25458327 -5.34536689 28.13187471]
[-12.44396754  -6.02050807  38.01125849]
[ 9.52937386  0.61557368 36.67124887]
[ 4.55379525  0.52449751 28.14878487]
[-0.07385446  2.85464646 24.37422681]
[ 8.63307021 -1.31846169 36.56352968]
[ 5.08451528 -1.35225874 30.96173096]
[ 1.60618186  1.3790541  19.32611105]
[-3.68067855 -5.75574574 17.75257229]
[12.42005278 17.95013947 24.98525554]
[-2.34528686 -4.25084616 21.06177212]
[ 4.67286635  6.16464922 19.37768151]
[-0.72394952 -4.77650443 26.06968123]
[-6.82777091  1.68960236 33.97728198]
[ 0.65500981  1.52095692 17.94502707]
[ 0.4593063   1.44013393 18.97960147]
[ 7.55324504 12.09627061 17.34141763]
[-16.0296787   -9.1931355   43.04470922]
[-1.02110584  1.06647356 23.23869151]
[13.25827536  9.07339277 37.22972797]
[15.73259076  9.80750566 41.96045128]
[ 1.57907118  3.10087243 19.92311585]
[ 4.83066797 -3.14452044 32.15178454]
[ 3.02881136  4.79187146 14.81608854]
[-11.68995227  -9.94460678  32.97010514]
[10.15459342  6.15171254 33.31112665]
[ 0.38980068  3.81426136 25.11453295]
[-3.5596029  -3.9451763  20.37477289]
[ 1.54988967  2.99338805 19.54848256]
[ 5.46099202  3.71465509 26.06036477]
[-1.02875475 -1.94918208 17.09407655]
[ 7.26484618  8.53456718 23.57821897]
[ 8.47728234  0.21817631 35.18222278]
[ 7.02673541  1.54091391 31.56827978]
[-15.68663325 -19.94063934  32.42411754]
[-9.05351527 -4.42966335 32.69417408]
[ 8.75704002 -0.40131071 36.11054046]
[-6.68047618 -0.73730414 31.69576075]
[-1.22228919  0.41161987 22.46309623]
[-13.82843483  -9.62346452  37.99501378]
[10.73756704 15.83373007 22.59117711]
[ 8.10808338 15.8175232   9.44848547]
[ 1.57262583  2.75905829 11.35169686]
[12.26092595 21.04437091 18.93210105]
[-3.40650476  0.5231532  27.28604794]
[-4.45826688 -2.48482967 25.48249748]
[17.1344585  19.0771474  37.35729996]
[-14.27346304 -22.47125253  24.45401423]
[ 2.17657493  3.70840249 18.83565564]
[ -6.60802997 -10.38398163  17.20957697]
[ 9.4482228  12.63782575 23.62289528]
[-2.22311548  4.95589922 30.20351914]
[ 4.56262337  6.72632577 21.10116592]
[ 1.67243261 -4.00097685 28.50826773]
[-2.823137   -4.8023353  12.78065793]
[15.56076093 22.7522592  28.51424884]
[ 6.35830882  4.31202196 27.29701301]
[-3.18107552  0.07765235 26.30416758]
[ -7.14071259 -10.81416927  18.60879083]
[ 5.0801527   8.47328272 14.81566434]
[-14.16481461 -23.75122171  21.95034889]
[2.25263726 4.38368109 7.14712186]
[-1.27356258 -1.98731742 13.91330272]
[-0.54478571 -5.10166707 26.78697647]
[-2.38631912 -2.98325823 17.9351081 ]
[-8.83039247 -1.56033574 34.73919924]
[-2.41478025 -4.12485855 13.48365637]
[ 5.63122985 -3.30902957 33.44108395]
[16.69262309 12.02239421 42.40869343]
[12.17341567  0.44703355 41.37137119]
[14.75494152 21.5272366  27.52753431]
[12.63060634 11.83364074 33.26910064]
[ 1.69673568 -1.95893536 26.06275553]
[-5.17361062 -8.22640599 15.92755574]
[ 7.29073138 11.59468288 17.56910325]
[ -6.09407544 -10.1226674   15.39522137]
[11.06521143  7.06861633 34.35187921]
[-3.75560416 -4.61692137 19.49132612]
[-4.44741733  5.578306   33.55386225]
[12.36276952  4.81007715 38.76842217]
[-16.39503454 -12.77262447  41.14212548]
[ 2.49873266 -0.36051556 25.34448109]
[-1.38938263 -2.88969892 20.05630064]
[ 4.43830286  8.17948395 10.41979446]
[-2.51209355 -4.38640003 20.77850573]
[ 3.19698416  5.16766052 20.74669104]
[-4.41060984 -3.89359042 23.16761322]
[-3.5705164  -4.9093061  17.81931086]
[-5.4928544  -3.7461568  26.08865588]
[-2.54294117 -2.84910327 19.12706631]
[ 4.58452001  4.83488049 21.96069648]
[-5.58860787 -9.77244503 13.16597388]
[-1.88978149 -3.22635244 17.67967683]
[-0.73728794 -0.7939297  16.33356068]
[ 7.44399886 -3.72332753 36.38409316]
[-2.32636547e+00  2.31032460e-02  2.44662922e+01]
[11.7035789  14.70562083 27.45036131]
[-3.39044375  2.2409935  29.17339077]
[15.08766271 12.83621155 38.07487696]
[-0.80961832  3.73467323 26.94448346]
[ 6.20913858 -2.75006642 33.85672777]
[-2.67818591 -4.54212297 12.81238562]
[ 9.31282749 -2.95600121 38.72765071]
[ 7.38072707 12.52206173 15.27241608]
[ 9.30168074  5.27649148 32.39186771]
[10.43514231 15.32387692 22.39779507]
[14.03222271  6.0850692  41.12523509]
[10.81460329 14.47335526 25.16199341]
[ 5.24910585  3.57759665 25.76022924]
[-1.79295838 -3.14979161 12.18641019]
[ 1.01834825  1.86058131 16.15178528]
[ 0.66076163 -1.52833003 23.24426497]
[ 0.76229098  2.8216286  22.30270221]
[-4.64887994 -6.09754419 19.44206521]
[-7.8412333   0.11724824 34.37826994]
[-2.60352505 -4.33527812 14.80640792]
[-1.77652969  2.42603061 26.81441434]
[-5.27243408 -1.29224949 28.62043267]
[ 0.85480725  0.03970124 20.13792425]
[ 1.54129667  2.6363182  15.42063152]
[-4.94601517 -1.61327881 27.62959018]
[-10.72233142 -16.08203119  22.09218913]
[ 8.43653073  4.20482288 31.69870862]
[-11.28115327 -20.005598    16.58449528]
[ 3.14214616  0.52337566 25.40321428]
[ 0.3179335  -1.45312472 22.17333898]
[-0.23435981  3.07067761 25.04558517]
[-0.34932995 -3.85427343 25.25269357]
[ -6.40739404 -10.48583601  16.08966972]
[-4.01003466 -6.90434584 12.87987367]
[ 5.14015175  9.16559204 12.07772886]
[ 1.52456486  0.13605695 22.17509157]
[-1.38774162 -2.39068702 14.81317185]
[ 8.14583928  5.05679554 30.2515036 ]
[ 3.00891217 -1.85556829 28.15701463]
[-0.05106401 -0.35114319 15.79605799]
[ 2.07847923 -4.30512549 29.38238974]
[-0.70773004  0.08153434 19.8825766 ]
[ 2.4190213   1.4901019  21.98299994]
[ 4.15623901  2.69648799 24.4672517 ]
[-3.14231081  0.0423685  26.18165659]
[-2.61428796 -1.22973229 23.03433248]
[ 6.62258063 10.66016303 16.51799676]
[ 9.44130393  6.86674068 31.10786802]
[ 5.51298595  1.93519966 28.36227475]
[-1.01043347  1.59178788 24.16106258]
[10.29256371  8.59497466 31.18292433]
[ 3.67021273  5.28670448 17.1293342 ]
[15.95086468  9.34024479 42.77192645]
[ 2.2612691  -0.07256894 24.40257282]
[-5.56300763 -0.46147242 30.0168498 ]
[-3.33385374 -2.13995845 23.30692   ]
[ 1.51484568  3.32953151 21.20838848]
[ -7.70276987 -12.99145115  15.7071733 ]
[-12.84381824 -17.82335258  26.55672729]
[ 3.91656934  3.60349311 22.27681039]
[ 1.74086773  2.94935162 15.10154796]
[-1.21940529 -3.0131877  21.32095491]
[-5.42492706 -3.27479519 26.55874716]
[-0.92149537  0.58273484 21.96833574]
[-2.47040442 -3.06581445 18.10096129]
[ 4.79825285  8.67222911 11.36750227]
[ 7.86409115  2.92753771 31.80814517]
[ 0.80609788  1.11486436 14.81154937]
[-12.62121852 -18.96091011  24.07529583]
[-3.98644515 -5.00002762 19.46388056]
[ 3.33635399  4.33453535 18.42047177]
[-4.04225622 -5.41386273 18.60812623]
[14.06591572 11.13507298 37.23151619]
[ -6.27423721 -10.23579057  16.13320551]
[11.19428952 12.96850966 28.37911901]
[-7.02446576 -9.41938577 21.18872735]
[ 2.83454365  2.81064689 20.40952648]
[ 4.96170224  2.86369546 26.08649986]
[-0.80177076  3.46768913 26.58513795]
[-0.41049901  1.36847943 22.2454933 ]
[ 6.44219772 -4.7866614  35.66651617]
[-2.33083272  0.26629374 24.85386987]
[-1.05121995 -2.28855516 19.25158287]
[ 0.2893846   0.54128685 11.34713868]
[-14.2068611   -8.62418213  39.6036709 ]
[ 0.18828813  2.94536671 23.99155265]
[ 5.80224434  9.06902057 16.80035856]
[-7.01320484 -3.92396413 29.13747565]
[-13.14583457 -17.67334799  27.71702177]
[-10.71269776   2.08487586  40.43516908]
[-3.78208051 -0.63509058 26.54969677]
[ 8.52826488 -4.9324529  38.75003572]
[ 0.72518494  1.51317324 17.14054089]
[-1.34446821  0.62855037 23.21212095]
[-3.34857476 -4.17066574 18.94636465]
[-0.03190039  0.96116871 19.73391892]
[17.00197449 17.27881988 38.72590446]
[ -9.28033981 -17.69333488  11.46634141]
[-2.31266398 -3.82471908 15.79016472]
[ -6.06422966 -10.47949065  13.87168591]
[-3.85348957  4.15809994 31.63698454]
[ 3.8394779   6.42428909 14.38042991]
[-1.26182318  1.32013701 24.24645811]
[-1.10636484 -1.93544222 13.92550559]
[13.04327776 10.95521841 35.08460013]
[ -9.08966599 -16.51309124  13.66987804]
[ 0.18689611 -2.77021501 24.4587565 ]
[ 0.55248878 -0.6967525  21.05489757]
[ 0.4378412  -0.25296222 19.19080772]
[ 7.69526597 13.44681986 14.37545841]
[-14.44269326 -22.51451734  25.00221074]
[ 1.21418854  0.50855382 20.23324009]
[-3.6411901  -0.16627433 26.87279445]
[-7.29264098 -0.28204096 33.13735825]
[-2.21391759  0.33075011 24.70387766]
[ 2.57339232  3.97160866 15.07922173]
[14.00445455  6.64489113 40.66949248]
[ 2.87887985  4.01820327 17.03353931]
[10.20851007 18.98038042 13.45310467]
[ 2.65763643  0.50037695 24.38130884]
[-2.9985175   4.70343603 30.97281905]
[-15.38269986 -14.81196182  36.98139303]
[ 2.33572138  3.89094351 18.47212098]
[ 9.36640926  5.31393492 32.49298848]
[ 9.75031176 15.98002574 18.36871203]
[ 1.1602642   0.63457351 19.63569155]
[ 3.65889956  3.227661   22.22719259]
[ 2.78727184  2.55951604 20.83596843]
[-0.19194656 -1.13738549 19.25107155]
[12.74500191  1.73699617 41.58442376]
[-10.37407908  -6.58261291  33.36249396]
[-8.0185754  -1.60966452 33.26773232]
[ 7.53018562  4.7510944  29.29622333]
[ 1.75286909  2.89622373 13.09952195]
[-4.12154845 -6.94424566 14.13717894]
[-11.27606014   0.25156086  40.24650568]
[-13.91094871 -20.82643222  25.68434454]
[-3.25917666  0.20164615 26.61448143]
[ 2.02796127  3.51630693 18.87044943]
[12.0064359   1.0171383  40.71571957]
[-2.55017518 -4.74755382  9.41852788]
[-2.36396763  3.69641331 29.1539604 ]
[ 2.80227552  3.87938184 17.08982915]
[ 0.46886639  0.86147593 10.6916895 ]
[-0.29260891 -1.68690397 20.73602634]
[ 4.84126967  2.90688033 25.75770074]
[ 1.7653625   4.71324218 24.17739409]
[-11.32854573  -9.20498974  32.90582861]
[-5.78330225  1.9377689  32.56143932]
[-3.93365844 -2.00634912 24.98400311]
[-5.88348496 -9.16472298 16.94334849]
[-3.99817044  0.83634135 28.67436855]
[ -9.11489832 -16.4620331   13.95500178]
[-2.51918963 -4.13761605 13.63174709]
[-4.39239215 -5.0443744  20.89565983]
[-0.22655788  2.50629684 24.07533964]
[ 0.79096367  1.62611316 17.28935453]
[-1.24430877 -0.51434951 20.3321145 ]
[-10.84995875   0.54217448  39.70457308]
[ 5.52858325 -2.6030135  32.72725633]
[-12.0930587   -6.18196239  37.18738598]
[ 1.30056171 -1.10725594 23.97218009]
[ 9.40934962  5.91747036 32.00247583]
[-5.70341007 -5.23794814 24.45233395]
[ 0.2257011   0.2011012  14.57401282]
[-1.49811377  3.50959763 27.70036686]
[ 1.97607299  1.06646195 21.52607809]
[-1.94546683 -4.49445501 23.27192736]
[ 8.70471423 -0.13352588 35.82728057]
[ 3.01535571  0.92858833 24.522344  ]
[-1.5052116  -2.57716864 14.96682728]
[-5.13886832 -5.18450915 22.98738168]
[ 5.53188272  9.84575814 12.34232846]
[ 0.63424361 -2.97499936 25.62132854]
[ 2.46889798  4.03619482 17.30936847]
[-4.75616454 -4.06619563 23.81358937]
[ 4.50443935  6.73369018 16.99206999]
[-4.69721972 -8.35660032 11.96478028]
[15.09997145 16.87471701 34.20976584]
[-1.89786278 -3.19849778 16.80243976]
[ -7.32660096 -12.51463576  14.98308538]
[ 4.99791563  6.00157555 20.98108371]
[-2.2461701  -2.15811979 19.80763669]
[-0.42845069 -1.38401313 18.91879835]
[-12.05014906 -18.57935591  22.62984551]
[-0.72942469 -3.03990714 22.92010656]
[-2.14794905 -2.6221708  17.90231547]
[ 2.69109097  3.74552151 16.91901755]
[-13.96663863  -3.98664784  42.41881557]
[-13.03374259 -16.58913952  28.82954336]
[-1.66237491 -2.54746867 14.56199351]
[4.8186104  9.4922736  7.23415673]
[17.77401404 18.35803199 39.71366158]
[-1.83443844 -0.47400282 22.35953961]
[4.86415185 9.73839685 6.35407947]
[12.94813205 22.59459819 18.93830732]
[ -9.97095488 -18.87201377  12.36884189]
[-6.24283349 -9.72261032 17.70352709]
[-16.44805312 -18.04410307  36.55952047]
[-5.22714008 -5.32305219 23.00181278]
[ 1.51106721  1.98847399 16.39936085]
[ 0.4847376   1.44406343 18.83335143]
[-1.8710318  -0.73862658 21.91474968]
[3.28527602 6.24334772 8.59479471]
[ 2.64575514  3.7125159  16.76272442]
[ 0.85544006 -2.05090217 24.60542851]
[-4.03761127 -2.35984091 24.69711645]
[ 2.32246733e-03 -2.04176333e+00  2.26176589e+01]
[ 0.8631137   1.00123322 16.26285944]
[ 2.86036658  3.41041333 18.92504381]
[ 0.77005046 -0.6341858  21.62447795]
[ 4.12050338  0.97352584 26.78905459]
[ 0.33410056  3.15346922 24.06985957]
[-1.1019708   5.03109926 28.85277573]
[11.11697342 16.78593365 22.29952873]
[-14.9137881  -17.85104317  32.63373134]
[-2.17573609  4.12016212 29.32541305]
[ 1.47987079  1.83195952 16.92100022]
[-0.09875431  0.98406077 20.12032308]
[-16.96666639 -11.71857127  43.25351672]
[ 0.94651827  0.61882153 18.64354072]
[ 0.93982032 -2.81173184 25.91762786]
[ 9.79246497  3.88870971 34.58725712]
[ 6.07183203 -2.26654678 33.27150073]
[-4.65080418 -6.51534985 18.36542615]
[ 2.9539653   3.22516212 19.82908828]
[-12.05192927 -11.12604245  32.60700351]
[-4.28599782  5.15475008 33.02251305]
[-15.36729006  -7.62905884  42.75531257]
[-9.03466591  0.24779582 36.45847039]
[-9.47637629  0.42047296 37.31646765]
[-2.74917334 -4.32680533 14.7695212 ]
[-5.47697066  3.74354689 33.5547197 ]
[ 8.52084933  4.07401043 31.98834486]
[-5.05361471 -7.48142506 17.58344888]
[ 3.0748966   2.9311583  20.98229017]
[-16.85493431 -14.34730153  40.92932231]
[ 0.06798401  3.88249862 25.7696619 ]
[-10.07896875 -16.82795295  17.96880445]
[ 1.07225501 -1.42310433 24.00854504]
[ 4.57620595  7.04782464 16.36896833]
[ -8.7244824  -10.53089454  24.74193442]
[ 5.55796729  9.89771183 12.33262817]
[15.61851015  9.27061054 42.11161889]
[ 1.390579   -0.29146583 22.68025152]
[ 5.74388068  2.38312673 28.30788667]
[ 1.15861356 -2.07255189 25.23456463]
[ 7.26985953 13.41256246 11.735028  ]
[ 0.25139554  2.11119515 22.0517197 ]
[ 6.88885353 11.52431924 15.44572697]
[-1.7289504  -2.65277679 14.59423119]
[-4.16925231 -6.30658462 21.50082594]
[-4.005304   -7.90696216  6.82475588]
[-1.08229637 -1.95227745 16.08147395]
[ 5.02044308  7.36013724 20.02191472]
[ 3.82866871  3.83218499 21.55152431]
[-0.0274631   1.3524739  20.96375991]
[-2.96695388 -4.99951225 14.04927979]
[-3.45567024  1.71314388 28.72148431]
[ 4.16383006 -2.6078468  30.70388136]
[-5.88623171 -3.00488599 27.87021144]
[ 0.12063694  1.20403593 19.87048206]
[13.00223166 12.29753493 33.67165851]
[ 1.12286119  1.48190243 15.81243141]
[ 5.93024753  6.8381999  22.42754099]
[-14.97959407  -5.99485701  43.08126005]
[ 3.87275501  5.22567983 18.35678373]
[-2.05114854 -3.6057046  19.37051535]
[ 7.79813365 -0.80897882 34.84417769]
[ 2.16064548  0.38073192 23.40229737]
[ 2.5176609   1.56613376 22.12071678]
[-3.3806617  -2.78947464 22.24435172]
[ 4.85378513  8.39133343 13.32523738]
[ 1.82946204  1.30326554 20.45491526]
[ 1.20032441  1.43989148 16.72463065]
[-4.87139189 -7.35385963 18.67507522]
[-15.59125267 -13.62365617  38.56037842]
[-1.55626602 -0.5859641  21.26564254]
[ 2.67726206 -2.01139743 27.79485813]
[ 2.94004638 -3.62279263 29.8926278 ]
[-3.84080219 -0.50043595 26.8362142 ]
[ 3.27224962  5.57960763 12.89511743]
[ 0.9463755   1.05920313 16.66837302]
[ 4.35641787  1.16897709 27.01051833]
[-0.3912499  -0.40861859 15.16764376]
[-0.835715   -0.79960605 17.14206669]
[ 4.42895597  0.22040525 28.26537869]
[ 3.68900354  6.08207397 15.00380513]
[-13.99649576 -13.39134724  34.973382  ]
[ 0.35593937  0.49062154 13.56482795]
[-8.48252865 -2.35796337 33.45884328]
